3NdhfPhytRpoc
(0,(((((((1,(2,((3,(((4,5),6),7)),(8,9)))),10),(11,((12,(13,14)),((15,16),17)))),18),19),20),21))
(0,((20,(19,((((((4,5),6),((3,7),(1,(9,8)))),(2,10)),(((12,13),14),(((15,16),17),11))),18))),21))
(0,((((((((((4,5),6),(3,7)),((1,(2,10)),(8,9))),((15,16),17)),18),(14,((12,13),11))),19),20),21))

3PhytRbclRpoc
(0,(1,(((((2,3),4),((5,6),(7,(8,9)))),(10,11)),(12,((13,14),15)))))
(0,(1,((((((2,3),4),(5,6)),((7,(10,11)),(8,9))),(13,14)),(12,15))))
(0,(1,((((((((2,3),4),5),6),7),((8,9),11)),10),((12,15),(13,14)))))

3RbclWaxyIts
0,(((((1,2),3),((4,5),((6,7),8))),9),(10,11)))
(0,(10,(8,(((6,7),(((1,2),3),(9,11))),(4,5)))))
(0,(((1,2),3),(4,((5,(8,(6,7))),(9,(11,10))))))

4NdhfRbclWaxyIts
(0,(((1,2),(((3,4),5),((6,7),8))),(9,(10,11))))
(0,(((((6,7),8),((1,2),((3,4),5))),11),(10,9)))
(0,(10,(5,(((3,4),(((6,7),8),(11,9))),(1,2)))))
(0,(((6,7),8),(1,((2,(5,(3,4))),(11,(9,10))))))

4PhytRbclRpocIts
(0,(1,(((((2,3),4),((5,6),(7,(8,9)))),(10,11)),((12,13),14))))
(0,(((((((2,3),4),(5,6)),((7,(10,11)),(9,8))),(12,13)),14),1))
(0,(((10,(((9,8),11),((6,(((2,3),4),5)),7))),(14,(12,13))),1))
(0,((5,((((2,3),4),6),((10,(7,11)),(9,(8,((12,13),14)))))),1))

2RbclRpos
(0,((((((((1,2),3),4),(5,6)),(((((7,(8,9)),10),(((11,(12,13)),14),(15,16))),(17,18)),(19,20))),((21,22),23)),(24,25)),26))
(0,((((20,((11,(12,13)),14)),(((4,((17,18),(15,16))),19),((6,(((1,2),3),5)),((7,8),(9,10))))),((24,25),((21,22),23))),26))

3NdhfWaxyIts
(0,((((1,2),(((3,4),5),((6,7),8))),(9,(10,(11,((12,13),14))))),15))
(0,(15,(10,(5,(((3,4),(((6,7),8),((13,((14,11),12)),9))),(1,2))))))
(0,((((6,7),8),(1,((2,(5,(3,4))),(((11,14),(12,13)),(9,10))))),15))

3PhytRbclIts
(0,(1,(((((2,3),4),((5,6),(7,(8,9)))),(10,11)),((12,13),(((14,15),16),17)))))
(0,(((((((2,3),4),(5,6)),((7,(10,11)),(9,8))),((14,15),16)),(13,(12,17))),1))
(0,((5,((((2,3),4),6),((10,(7,11)),(9,(8,(((14,15),16),(17,(12,13)))))))),1))

3PhytRpocIts
(0,(1,(((((2,3),(4,5)),((6,7),(8,(9,10)))),(11,12)),(((13,(14,15)),(16,17)),(18,19)))))
(0,(((11,(((10,9),12),((7,(((2,3),(4,5)),6)),8))),((18,19),(((14,15),13),(16,17)))),1))
(0,((6,((((2,3),(4,5)),7),((11,(8,12)),(10,(9,((13,((16,17),(14,15))),(18,19))))))),1))

4NdhfPhytRbclRpocIts
(0,((((1,(2,((3,(((4,5),6),7)),(8,9)))),10),(11,(12,(13,14)))),15))
(0,(15,(((((4,5),6),((3,7),(1,(9,8)))),(2,10)),(12,((13,14),11)))))
(0,(((((((4,5),6),(3,7)),((1,(2,10)),(8,9))),(13,14)),(12,11)),15))
(0,(((2,(((8,9),10),((7,(((4,5),6),3)),1))),((12,11),(13,14))),15))

4NdhfPhytRpocIts
(0,((((1,(2,((3,(((4,5),(6,7)),8)),(9,10)))),11),((12,13),((14,15),((16,17),18)))),19))
(0,(19,(((((4,5),(6,7)),((3,8),(1,(10,9)))),(2,11)),(((18,(16,17)),(14,15)),(12,13)))))
(0,(((2,(((9,10),11),((8,(((4,5),(6,7)),3)),1))),((12,13),(((16,17),18),(14,15)))),19))
(0,((3,((((4,5),(6,7)),8),((2,(1,11)),(9,(10,((18,((14,15),(16,17))),(12,13))))))),19))

2NdhfPhyt
(0,(((((((((1,2),(3,((4,(((5,6),(7,8)),(9,10))),(11,12)))),13),(((14,15),16),((17,(18,(19,((20,21),(22,23))))),((24,25),((((26,27),28),(29,(30,((31,32),33)))),34))))),35),36),(37,38)),39),40))
(0,((39,((37,38),((((((((5,6),(7,8)),9),((4,10),((1,2),(12,11)))),(3,13)),(16,(((17,18),((20,21),(19,(22,23)))),(((34,(((((31,32),33),29),30),(28,(26,27)))),(24,25)),(14,15))))),35),36))),40))

2NdhfRbcl
(0,((((((((((1,2),(3,4)),(((5,(6,7)),8),((9,((((10,11),12),13),14)),((15,16),(17,18))))),(19,20)),((21,22),((23,(24,25)),(26,((27,28),29))))),(30,31)),32),33),(34,35)),36))
(0,((((((((((((10,11),12),13),(9,14)),(((((1,(2,3)),4),(((5,(6,7)),8),(19,20))),(15,16)),(17,18))),(((27,28),29),26)),(30,31)),(25,((23,24),(21,22)))),32),33),(34,35)),36))

2PhytIts
(0,(1,(2,((((((3,4),(5,6)),((7,8),((9,10),(11,12)))),(13,14)),((15,16),(((17,(((((18,19),20),21),22),(23,(24,25)))),(26,27)),(28,29)))),30))))
(0,((2,((7,((((3,4),(5,6)),8),((13,((9,10),14)),(12,(11,(((17,((23,((26,27),(22,((18,19),20)))),(24,25))),21),((28,29),(15,16)))))))),30)),1))

3NdhfPhytRbcl
(0,(((((((1,(2,((3,(((4,5),6),7)),(8,9)))),10),(11,((12,(13,14)),((15,16),17)))),18),19),20),21))
(0,((20,(19,((((((4,5),6),((3,7),(1,(9,8)))),(2,10)),(((12,13),14),(((15,16),17),11))),18))),21))
(0,((((((((((4,5),6),(3,7)),((1,(2,10)),(8,9))),((15,16),17)),18),(14,((12,13),11))),19),20),21))

2NdhfRpoc
(0,((((((1,((2,3),4)),(5,6)),(((7,(8,9)),10),((11,((((12,13),(14,15)),16),17)),((18,19),(20,21))))),(22,23)),((24,25),((26,27),((28,29),((30,(31,32)),33))))),34))
(0,((((21,((7,(8,9)),10)),(((16,((18,19),(22,23))),20),((17,(((12,13),(14,15)),11)),(((3,(2,4)),(5,6)),1)))),((26,(27,(24,25))),(((31,32),(33,30)),(28,29)))),34))

3NdhfRbclRpoc
(0,((((((1,2),(3,4)),(((5,(6,7)),8),((9,((((10,11),12),13),14)),((15,16),(17,18))))),(19,20)),(21,(22,(23,(24,25))))),26))
(0,((((((((10,11),12),13),(9,14)),(((((1,(2,3)),4),(((5,(6,7)),8),(19,20))),(15,16)),(17,18))),((24,25),23)),(22,21)),26))
(0,((((18,((5,(6,7)),8)),(((13,((15,16),(19,20))),17),((14,(((10,11),12),9)),((1,2),(3,4))))),((22,21),((24,25),23))),26))

3NdhfPhytIts
(0,(((((((1,2),(3,((4,(((5,6),(7,8)),9)),(10,11)))),12),((13,14),((15,16),((17,18),((((19,20),21),(22,(23,((24,25),26)))),27))))),28),29),30))
(0,(30,(29,((((((5,6),(7,8)),((4,9),((1,2),(11,10)))),(3,12)),((15,16),(((27,(((((24,25),26),22),23),(21,(19,20)))),(17,18)),(13,14)))),28))))
(0,((29,((4,((((5,6),(7,8)),9),((3,((1,2),12)),(10,(11,(((27,((21,((17,18),(23,((24,25),26)))),(19,20))),22),((13,14),(15,16)))))))),28)),30))
